check_id,category,item,status,validation_status,detail
1,Fiscal quarters,12 quarters included: FY2023 Q1-Q4 + FY2024 Q1-Q4 + FY2025 Q1-Q4,PASS,reconciled,"132 rows total: 11 metrics × 12 quarters. FY2023 = Jan 2023 – Dec 2023; FY2024 = Dec 2023 – Dec 2024; FY2025 = Dec 2024 – Dec 2025."
2,Q4 derivation,Revenue FY2023 Q4 = FY minus YTD_Q3,PASS,reconciled,"FY 54,228M - YTD_Q3 38,822M = Q4 15,406M; quarterly sum = FY total exactly"
3,Q4 derivation,Revenue FY2024 Q4 = FY minus YTD_Q3,PASS,reconciled,"FY 53,101M - YTD_Q3 38,841M = Q4 14,260M; quarterly sum = FY total exactly"
4,Q4 derivation,Revenue FY2025 Q4 = FY minus YTD_Q3,PASS,reconciled,"FY 52,853M - YTD_Q3 39,179M = Q4 13,674M; quarterly sum = FY total exactly"
5,Q4 derivation,Cost of Revenue FY2023-2025 quarterly sum vs FY,PASS,reconciled,"All 3 FYs reconcile exactly: FY2023=$32,517M, FY2024=$35,756M, FY2025=$34,478M"
6,Q4 derivation,Operating Income FY2023 Q4 derivation,PASS,reconciled,"FY $93M - YTD_Q3 -$2,492M = Q4 $2,585M. Note: positive Q4 after 3 negative quarters. Quarterly sum = FY total exactly."
7,Q4 derivation,Operating Income FY2024 Q4 derivation,PASS,reconciled,"FY -$11,678M - YTD_Q3 -$12,090M = Q4 $412M. Positive Q4 after massive Q3 loss (-$9,057M). Quarterly sum = FY total exactly."
8,Q4 derivation,Net Income FY2023-2025 Q4 derivation,PASS,reconciled,"All 3 FYs reconcile exactly: FY2023=$1,689M, FY2024=-$18,756M, FY2025=-$267M"
9,Q4 derivation,R&D Expense FY2023-2025 Q4 derivation,PASS,reconciled,"All 3 FYs reconcile exactly: FY2023=$16,046M, FY2024=$16,546M, FY2025=$13,774M"
10,Q4 derivation,Operating Cash Flow FY2023-2025 Q4 derivation,PASS,reconciled,"All 3 FYs reconcile exactly: FY2023=$11,471M, FY2024=$8,288M, FY2025=$9,697M. Q1 standalone; Q2/Q3/Q4 all derived from cumulative YTD."
11,Q4 derivation,Capital Expenditure FY2023-2025 Q4 derivation,PASS,reconciled,"All 3 FYs reconcile exactly: FY2023=$25,750M, FY2024=$23,944M, FY2025=$14,646M. Q1 standalone; Q2/Q3/Q4 all derived from cumulative YTD."
12,Gross Profit cross-check,Derived GP vs reported GrossProfit XBRL tag,PASS,reconciled,"FY2023: derived=$21,711M = reported=$21,711M (diff=0). FY2024: derived=$17,345M = reported=$17,345M (diff=0). FY2025: derived=$18,375M = reported=$18,375M (diff=0). All 3 FYs match exactly."
13,Total Debt cross-check,LongTermDebtNoncurrent + DebtCurrent vs LongTermDebt tag,PASS,reconciled,"FY2023 Q4: $46,978M + $2,288M = $49,266M = LongTermDebt $49,266M. FY2024 Q4: $46,282M + $3,729M = $50,011M = LongTermDebt $50,011M. FY2025 Q4: $44,086M + $2,499M = $46,585M = LongTermDebt $46,585M. All match exactly."
14,Total Debt detail,Debt components: LongTermDebtNoncurrent (non-current) + DebtCurrent (current),OK,,"Formula: Total Debt = LongTermDebtNoncurrent + DebtCurrent (instant_sum). Non-current portion is long-term bonds/notes. Current portion (DebtCurrent) includes current maturities of long-term debt plus commercial paper when outstanding. CommercialPaper was $0 at FY2024 and FY2025 year-ends but may be non-zero during interim quarters (e.g., Q2 FY2025: $2,000M CP included in DebtCurrent $6,731M). LongTermDebt tag only has FY-level data (no quarterly) so cannot be used as a single tag."
15,Balance sheet Q4,Cash and Cash Equivalents Q4 uses FY-end balance,PASS,reconciled,"FY2023=$7,079M, FY2024=$8,249M, FY2025=$14,712M; all from 10-K fiscal_year_end_balance"
16,Cash tag note,Cash tag includes restricted cash,FLAG,requires_review,"Intel uses CashCashEquivalentsRestrictedCashAndRestrictedCashEquivalents instead of CashAndCashEquivalentsAtCarryingValue used by QCOM/AMD/NVDA. For FY2025 year-end: broader tag = $14,712M vs narrow tag = $14,265M — difference of $447M (restricted cash, ~3%). The narrow tag has no data for FY2023 or FY2024 (Intel stopped reporting it ~FY2019, resumed Q2 FY2025). Broader tag chosen for coverage (10 of 12 quarters vs 3 of 12)."
17,Missing metric,Cash and Cash Equivalents FY2025 Q2-Q3,FLAG,missing,"Broader cash tag has no Q2/Q3 entries for FY2025 (Intel switched back to narrow tag mid-year). Q1 available from broad tag; Q4 from FY-end balance. 2 of 12 quarters missing."
18,Missing metric,Diluted EPS Q4 (FY2023-2025),FLAG,missing,"EPS cannot be derived by subtraction; 3 quarters flagged missing_requires_review. Would require earnings press releases as an independent source."
19,Revenue tag,RevenueFromContractWithCustomerExcludingAssessedTax,OK,,"ASC 606 consolidated revenue tag. Same as AMD. Captures total Intel revenue across all segments (Client Computing, Data Center, Network & Edge, Mobileye, Foundry Services, etc.). Not a segment-only tag. SalesRevenueNet was used historically (FY2013-2017) but is discontinued; current tag has full coverage FY2021-2025."
20,Revenue historical note,Revenue tag change: SalesRevenueNet → ASC 606 tag,OK,,"Intel transitioned from SalesRevenueNet to RevenueFromContractWithCustomerExcludingAssessedTax around FY2018 (ASC 606 adoption). Our pipeline targets FY2023-2025 only, so this does not affect extraction. However, historical comparisons beyond FY2020 would require mapping the prior tag."
21,CapEx sign convention,PaymentsToAcquirePropertyPlantAndEquipment values are positive,OK,,"All CapEx values are positive (cash outflow reported as positive number). Same convention as AMD. No sign reversal needed. Values: FY2023 $25,750M, FY2024 $23,944M, FY2025 $14,646M. Intel's CapEx is 10-20× larger than fabless peers (QCOM/AMD/NVDA) due to semiconductor manufacturing (fabs)."
22,CapEx scale note,Intel is a capital-intensive manufacturer (IDM),FLAG,informational,"Intel operates its own fabs, unlike QCOM/AMD/NVDA which are fabless or fab-lite. CapEx/Revenue ratios: FY2023=47%, FY2024=45%, FY2025=28%. This makes FCF structurally negative for most quarters. CapEx declined significantly in FY2025 ($14.6B vs $23.9B FY2024) as Intel scaled back some fab expansion plans. Direct peer CapEx comparison is misleading without adjusting for business model."
23,Fiscal calendar,Intel uses 52/53-week fiscal year ending last Saturday of December,OK,,"FY2023 ended 2023-12-30 (363 days), FY2024 ended 2024-12-28 (363 days), FY2025 ended 2025-12-27 (363 days). FY2022 was 370 days (53-week year). Same fiscal calendar structure as AMD (both ~Dec 28)."
24,Fiscal calendar,Intel does not file a standalone Q4 10-Q,OK,,"Same pattern as all other pipeline companies: three 10-Qs (Q1-Q3) plus one 10-K."
25,Comparability,Operating Income includes large restructuring/impairment charges,FLAG,informational,"FY2024 Q3 Operating Income = -$9,057M — extremely negative, likely driven by restructuring charges and asset impairments Intel announced in Aug-Oct 2024 (workforce reduction, foundry restructuring). FY2024 full-year Operating Income = -$11,678M. FY2023 Q1 also shows -$1,468M. These one-time charges make period-over-period operating income comparison unreliable without adjusting for non-recurring items. The pipeline correctly extracts the GAAP figures but does not normalize for restructuring."
26,Comparability,Net Income FY2024 Q3 = -$16,639M,FLAG,informational,"Massive Q3 FY2024 net loss driven by asset impairments ($15.9B goodwill and intangible impairment announced Oct 2024) plus restructuring. FY2024 full-year net loss = -$18,756M. Arithmetic is correct but direct comparison to peers or prior periods is misleading without non-GAAP adjustments."
27,Comparability,Gross Margin volatility across quarters,FLAG,informational,"Intel's quarterly gross margin ranges from 15% (Q3 FY2024) to 46% (Q4 FY2023). The Q3 FY2024 trough reflects elevated cost of revenue from charges. Fabless peers (QCOM ~56%, AMD ~49%, NVDA ~73%) have structurally higher gross margins because they do not carry manufacturing overhead."
28,Validation summary,24 FY total reconciliations: 8 duration metrics × 3 FYs,PASS,reconciled,"All 24 reconciliations pass with zero rounding gaps. No $1M rounding artifacts (unlike Nvidia)."
29,Latest quarter check,Q3 FY2025 Revenue = $13,653M,PASS,,"Reported standalone from 10-Q filed 2025-11-06. Source: SEC EDGAR accession 0000050863-25-000179."
30,Latest quarter check,Q3 FY2025 Gross Profit = $5,218M (derived),PASS,,"Revenue $13,653M - Cost of Revenue $8,435M = $5,218M. Both components reported standalone."
31,Latest quarter check,Q3 FY2025 Operating Income = $683M,PASS,,"Reported standalone from 10-Q filed 2025-11-06."
32,Latest quarter check,Q3 FY2025 Net Income = $4,063M,PASS,,"Reported standalone from 10-Q filed 2025-11-06. Significantly positive after losses in Q1/Q2 — may include gains from asset sales or favorable tax items."
33,Latest quarter check,Q3 FY2025 Diluted EPS = $0.90,PASS,,"Reported standalone from 10-Q filed 2025-11-06."
34,Latest quarter check,Q3 FY2025 R&D Expense = $3,231M,PASS,,"Reported standalone from 10-Q filed 2025-11-06. Declining from $4,049M in Q3 FY2024 — consistent with cost reduction program."
35,Latest quarter check,Q1 FY2025 Cash = $8,947M,PASS,,"Latest available cash balance (Q2/Q3 missing). Reported standalone, using broader cash tag including restricted cash."
36,Latest quarter check,Q3 FY2025 Total Debt = $46,553M,PASS,,"LongTermDebtNoncurrent $44,057M + DebtCurrent $2,496M. Reported standalone from 10-Q."
